# Created by Octave 3.2.4, Thu Oct 20 00:34:14 2011 BST <mneedham@unknown-e0-f8-47-43-39-92.home>
# name: A
# type: matrix
# rows: 3
# columns: 2
 1 2
 3 4
 5 6
